  0                 00.00
  0                 00.00
  3 Electric Sander   757.98
  0                 00.00
  0                 00.00
  0                 00.00
  0                 00.00
  0                 00.00
  0                 00.00
  0                 00.00
  0                 00.00
  0                 00.00
  0                 00.00
  0                 00.00
  0                 00.00
  0                 00.00
  0                 00.00
  0                 00.00
  0                 00.00
  0                 00.00
  0                 00.00
  0                 00.00
  0                 00.00
  0                 00.00
  0                 00.00
  0                 00.00
  0                 00.00
  0                 00.00
  0                 00.00
  0                 00.00
  0                 00.00
  0                 00.00
  0                 00.00
  0                 00.00
  0                 00.00
  0                 00.00
  0                 00.00
  0                 00.00
  0                 00.00
  0                 00.00
  0                 00.00
  0                 00.00
  0                 00.00
  0                 00.00
  0                 00.00
  0                 00.00
  0                 00.00
  0                 00.00
  0                 00.00
  0                 00.00
  0                 00.00
  0                 00.00
  0                 00.00
  0                 00.00
  0                 00.00
  0                 00.00
  0                 00.00
  0                 00.00
  0                 00.00
  0                 00.00
  0                 00.00
  0                 00.00
  0                 00.00
  0                 00.00
  0                 00.00
  0                 00.00
  0                 00.00
  0                 00.00
  0                 00.00
  0                 00.00
  0                 00.00
  0                 00.00
  0                 00.00
  0                 00.00
  0                 00.00
  0                 00.00
  0                 00.00
  0                 00.00
  0                 00.00
  0                 00.00
  0                 00.00
  0                 00.00
  0                 00.00
  0                 00.00
  0                 00.00
  0                 00.00
